8355
8977
5625
4811
6578
2125
8437
3561
5019
3510
578
1151
4833
9130
6150
1747
8877
888
5441
2294
8379
2732
3046
2131
6619
9434
4459
9233
3516
3475
8005
50
5195
4830
1320
2120
7826
1113
8209
2946
7927
3647
1928
2301
2978
3578
4790
3068
3738
2789
5032
5658
2786
6940
5448
2746
4727
8637
425
4787
46
4460
1824
5354
7010
7316
5485
6049
4742
6859
2959
1324
3032
5078
8363
1653
6424
1014
8142
8588
6860
4511
7552
1640
268
924
4492
1604
2258
5413
3552
6941
8311
3863
4732
7406
448
4438
3158
4859
2892
1988
6444
7535
6007
6234
2418
4683
7593
4838
1415
3187
2578
3035
4461
4443
1000
6418
3260
2591
8349
9982
826
8497
3625
7060
6717
4374
3295
6909
7780
5200
9773
298
4989
5128
7452
8477
528
3911
6759
8833
3487
5151
8840
4768
6645
7362
8108
7926
3021
7061
9865
4275
1359
8117
8968
254
6290
3672
5066
7719
2801
4932
1874
5472
9863
6419
4226
7383
6845
20
7748
8930
4140
9534
1270
9540
8079
9284
9625
8300
22
9237
2507
9393
3024
8966
3312
4640
7191
336
1406
9633
1361
9998
5889
3005
5480
4106
6600
7175
1636
1114
9458
4670
9288
5474
1870
2314
7829
989
3939
1999
9455
5464
70
3018
5096
8705
5478
6817
739
7221
4692
7943
4410
462
1024
7935
9853
1772
8279
8008
1997
7413
6983
1887
9653
6778
4972
4726
6001
7611
7693
7942
6244
9553
7594
8577
7285
2890
8640
6254
5162
2212
6014
8605
3311
1001
279
9144
3600
3568
261
5605
5188
4706
5245
776
2062
6604
2842
1274
9833
502
5280
2030
711
3862
485
8036
5116
9582
4940
324
6881
7890
3895
8176
4668
9850
1133
4075
2808
5888
754
5120
5221
5989
4135
3791
9500
4267
2255
2888
9652
5932
3546
9577
8296
3424
4305
1033
825
6621
2329
2537
386
1418
2041
8772
774
6053
8365
4708
3293
5872
7242
1654
1775
4234
1953
3112
3980
9603
5411
1243
6904
211
4526
905
1280
495
651
7631
1961
5099
407
3452
5039
8083
4764
9682
5731
7929
4323
5748
4336
4897
4175
6839
470
2955
2705
7793
6680
7178
7314
5307
615
5160
1727
1038
701
7474
428
1522
2480
3314
3367
6097
4014
8091
4682
1998
8329
6741
6798
855
8865
3919
6433
1551
5595
9689
7282
1084
5648
7746
3648
6960
1599
6954
7305
2528
8546
1489
5148
8616
4232
5542
4649
1567
8285
2472
5586
8952
6662
3440
4192
3040
8541
8387
2403
4571
4735
3826
3162
9158
817
1281
7868
9326
2179
9934
2694
5794
6832
9145
8857
8145
4081
1736
914
8702
3169
7524
8047
7627
2648
7205
7144
7698
9634
8712
1399
3143
5801
5110
9099
5700
6789
5222
3355
5080
9953
9679
5823
8242
9334
1118
9649
4012
9596
7878
3244
5879
4466
9433
1661
9815
9095
5421
5721
8845
9298
9757
8174
2252
598
3901
3326
8510
314
9069
6723
9348
507
17
3343
2678
9729
7849
8994
55
7758
6978
5645
7883
1890
4445
2263
670
1404
4400
1655
8820
9210
7711
7713
1951
4774
2904
8628
3057
1191
7745
1050
1460
5663
1497
7114
172
1416
7219
3462
5911
6872
9797
7752
5937
8240
8819
5065
7551
4549
4272
1898
2688
6917
8869
8650
8333
786
5074
2046
6361
5405
9481
1028
6016
8940
704
32
3394
90
767
5496
8295
9851
2638
3253
797
7384
1102
5681
1981
1644
7958
9354
8462
7345
9301
7445
9768
5811
9631
3916
3063
6653
8381
5654
6312
1911
2259
5384
522
7955
9747
3071
1023
7673
2009
2838
3052
7354
1282
8368
8202
1506
2619
4125
9997
5351
6502
8875
7689
512
3958
9732
389
4798
5406
3449
5629
9683
5426
4542
3711
5183
3296
872
7504
9357
5453
6310
8330
2308
8942
2613
10000
3577
6588
2510
1633
8187
12
5073
4339
9400
6157
1422
3944
8929
2282
9988
500
3223
9650
2553
5287
2045
1530
6984
5029
9798
7080
625
8099
183
5187
5830
6482
1098
8866
8817
1145
7341
7526
5692
3423
8704
9578
4992
31
3315
1785
8403
2973
3894
1182
5641
7728
8367
4921
9511
5890
7735
7642
5075
4806
190
4756
1916
640
6353
1186
5442
5649
3517
533
3131
8335
9696
2111
8496
3759
6814
3445
9541
9666
6029
9598
2889
746
9957
4607
3802
7330
9387
1067
1986
582
8607
995
2384
2771
6880
7466
3427
2757
7032
4988
9520
9306
6776
1778
5446
8769
339
5772
1335
3463
1192
5627
2742
1857
5333
5040
6753
103
9518
9705
5902
9662
874
6873
9728
5593
9926
861
5005
6781
7426
8044
435
8489
5465
366
5556
6104
6635
9157
8812
777
678
3885
474
4912
7223
4061
7353
7667
206
5906
3009
6048
3121
8509
303
5857
5002
8049
1932
4246
4676
8720
835
2200
1219
9251
7201
7459
5279
8324
9632
5269
976
164
4605
6360
1257
1828
5391
4307
8566
1065
6930
3777
7825
5678
6791
2205
1531
7229
2956
7415
9236
565
9846
8969
3726
5346
8825
2020
9491
4430
5622
8
6226
9407
8245
3026
2101
3836
9856
9413
5953
9341
94
8874
9869
7322
4514
4103
8926
4030
3703
2575
1987
7798
1722
559
5493
3908
3376
9137
1331
1252
5140
906
5330
5726
807
8494
8375
9208
6948
319
7623
1687
6189
8294
2566
6755
4112
5393
1698
2295
2716
2743
4641
1150
844
3137
8864
9031
5424
518
616
8366
6986
9383
7621
6935
6646
5113
1330
8739
8824
8761
7195
7054
8620
2360
8980
426
1336
5054
5312
8076
9048
457
923
7668
664
7785
6849
454
3730
1535
8491
3905
139
3362
1154
3155
6943
9278
6130
1332
8979
2170
1508
9651
3483
9524
9328
9787
5100
6239
7924
8186
539
9368
8755
3860
4120
7051
9148
7945
9258
2175
2133
3037
3271
2862
8326
1380
2817
8219
9025
2086
4844
1070
5891
2512
2902
6288
8189
5208
6932
7149
4265
4350
8544
6011
326
2077